317,3
317,2
317,1
316,3
316,2
316,1
315,3
315,2
315,1
314,3
314,2
314,1
313,3
313,2
313,1
312,76
312,75
312,74
312,73
312,72
312,71
312,70
312,69
312,68
312,67
312,66
312,65
312,64
312,36
312,35
312,34
312,33
312,32
312,31
312,30
312,29
312,28
312,27
312,26
312,25
312,24
312,23
312,22
312,21
312,20
312,19
312,18
312,17
312,16
312,15
312,14
312,13
312,12
312,11
312,10
312,9
312,8
312,7
312,5
312,4
312,3
312,2
312,1
311,3
311,2
311,1
310,3
310,2
310,1
309,3
309,2
309,1
308,3
308,2
308,1
307,3
307,2
307,1
306,78
306,77
306,76
306,75
306,74
306,73
306,72
306,71
306,70
306,69
306,68
306,67
306,66
306,65
306,64
306,36
306,35
306,34
306,33
306,32
306,31
306,30
306,29
306,28
306,27
306,26
306,25
306,24
306,23
306,22
306,21
306,20
306,19
306,18
306,17
306,16
306,15
306,14
306,13
306,12
306,11
306,10
306,9
306,8
306,7
306,5
306,4
306,3
306,2
306,1
305,3
305,2
305,1
304,3
304,2
304,1
303,3
303,2
303,1
302,3
302,2
302,1
301,3
301,2
301,1
209,576
209,550
209,549
209,548
209,547
209,546
209,545
209,544
209,543
209,542
209,541
209,540
209,539
209,538
209,537
209,536
209,535
209,534
209,533
209,532
209,531
209,530
209,529
209,528
209,527
209,526
209,525
209,524
209,523
209,521
209,520
209,519
209,518
209,517
209,516
209,515
209,514
209,513
209,512
209,448
209,443
209,442
209,441
209,440
209,439
209,438
209,437
209,436
209,435
209,434
209,433
209,432
209,431
209,430
209,429
209,428
209,427
209,426
209,425
209,424
209,423
209,422
209,421
209,420
209,419
209,418
209,417
209,416
209,415
209,414
209,413
209,412
209,411
209,410
209,409
209,408
209,407
209,406
209,405
209,404
209,403
209,402
209,401
209,400
209,399
209,398
209,397
209,396
209,395
209,394
209,393
209,392
209,391
209,390
209,389
209,388
209,387
209,386
209,385
209,384
209,383
209,382
209,381
209,380
209,379
209,378
209,377
209,376
209,375
209,374
209,373
209,372
209,371
209,370
209,369
209,368
209,367
209,366
209,365
209,364
209,363
209,362
209,361
209,360
209,359
209,358
209,357
209,356
209,355
209,354
209,353
209,352
209,351
209,350
209,349
209,348
209,347
209,346
209,345
209,344
209,343
209,342
209,341
209,340
209,339
209,338
209,337
209,336
209,335
209,334
209,333
209,332
209,331
209,330
209,329
209,328
209,327
209,326
209,325
209,324
209,323
209,322
209,321
209,320
209,319
209,318
209,317
209,316
209,315
209,314
209,313
209,312
209,311
209,310
209,309
209,308
209,307
209,306
209,305
209,304
209,303
209,302
209,301
209,300
209,299
209,298
209,297
209,296
209,295
209,294
209,293
209,292
209,291
209,290
209,289
209,288
209,287
209,286
209,285
209,284
209,283
209,282
209,281
209,280
209,279
209,278
209,277
209,276
209,275
209,274
209,273
209,272
209,271
209,270
209,269
209,268
209,267
209,266
209,265
209,264
209,263
209,262
209,261
209,260
209,259
209,258
209,257
209,256
209,255
209,254
209,253
209,252
209,251
209,250
209,249
209,248
209,247
209,246
209,245
209,244
209,243
209,242
209,241
209,240
209,239
209,238
209,237
209,236
209,235
209,234
209,233
209,232
209,231
209,230
209,229
209,228
209,227
209,226
209,225
209,224
209,223
209,222
209,221
209,220
209,219
209,218
209,217
209,216
209,215
209,214
209,213
209,212
209,211
209,210
209,209
209,208
209,207
209,206
209,205
209,204
209,203
209,202
209,201
209,200
209,199
209,198
209,197
209,196
209,195
209,194
209,193
209,192
209,191
209,190
209,189
209,188
209,187
209,186
209,185
209,184
209,183
209,182
209,181
209,180
209,179
209,178
209,177
209,176
209,175
209,174
209,173
209,172
209,171
209,170
209,169
209,168
209,167
209,166
209,165
209,164
209,163
209,162
209,161
209,160
209,159
209,158
209,157
209,156
209,155
209,154
209,153
209,152
209,151
209,150
209,149
209,148
209,147
209,146
209,145
209,144
209,143
209,142
209,141
209,140
209,139
209,138
209,137
209,136
209,135
209,134
209,133
209,132
209,131
209,130
209,129
209,128
209,127
209,126
209,125
209,124
209,123
209,122
209,121
209,120
209,119
209,118
209,117
209,116
209,115
209,114
209,113
209,112
209,111
209,110
209,109
209,108
209,107
209,106
209,105
209,104
209,103
209,102
209,101
209,100
209,99
209,98
209,97
209,96
209,95
209,94
209,93
209,92
209,91
209,90
209,89
209,88
209,87
209,86
209,85
209,84
209,83
209,82
209,81
209,80
209,79
209,78
209,77
209,76
209,75
209,74
209,73
209,72
209,71
209,70
209,69
209,68
209,67
209,66
209,65
209,64
209,63
209,62
209,61
209,60
209,59
209,58
209,57
209,56
209,55
209,54
209,53
209,52
209,51
209,50
209,49
209,48
209,47
209,46
209,45
209,44
209,43
209,42
209,41
209,40
209,39
209,38
209,37
209,36
209,35
209,34
209,33
209,32
209,31
209,30
209,29
209,28
209,27
209,26
209,25
209,24
209,23
209,22
209,21
209,20
209,19
209,18
209,17
209,16
209,15
209,14
209,13
209,12
209,11
209,10
209,9
209,8
209,7
209,6
209,5
209,4
209,3
209,2
209,1
8,3
0,582
8,2
12,4
12,2
12,3
11,4
11,2
11,3
16,5
16,4
16,2
16,3
14,2
14,3
15,5
15,4
15,2
15,3
0,435
0,397
0,243
0,9
0,0
0,1
0,300
0,351
0,299
0,611
0,298
0,591
0,297
0,595
0,296
0,341
0,295
0,553
0,294
0,636
0,293
0,635
0,292
0,610
0,291
0,634
0,290
0,590
0,289
0,631
0,288
0,350
0,287
0,286
0,601
0,285
0,583
0,284
0,340
0,283
0,577
0,282
0,339
0,281
0,589
0,280
0,279
0,604
0,278
0,630
0,277
0,600
0,276
0,275
0,609
0,274
0,356
0,273
0,603
0,272
0,599
0,271
0,355
0,270
0,619
0,269
0,335
0,268
0,354
0,267
0,618
0,266
0,598
0,265
0,608
0,264
0,554
0,263
0,629
0,262
0,597
0,261
0,628
0,260
0,588
0,259
0,352
0,258
0,627
0,257
0,594
0,256
0,593
0,255
0,334
0,254
0,607
0,253
0,626
0,252
0,338
0,251
0,337
0,250
0,625
0,249
0,624
0,248
0,247
0,606
0,246
0,336
0,245
0,587
0,244
0,578
0,242
0,616
0,241
0,538
0,240
0,615
0,239
0,333
0,238
0,586
0,237
0,332
0,236
0,331
0,235
0,596
0,234
0,585
0,233
0,346
0,232
0,330
0,231
0,230
0,329
0,229
0,228
0,227
0,226
0,345
0,225
0,592
0,224
0,223
0,349
0,222
0,328
0,221
0,548
0,220
0,555
0,219
0,623
0,218
0,581
0,217
0,348
0,216
0,327
0,215
0,605
0,214
0,347
0,213
0,576
0,212
0,211
0,210
0,326
0,209
0,325
0,208
0,324
0,207
0,323
0,206
0,621
0,205
0,322
0,204
0,358
0,203
0,321
0,202
0,320
0,201
0,200
0,580
0,199
0,544
0,198
0,639
0,197
0,344
0,196
0,550
0,195
0,614
0,194
0,556
0,193
0,343
0,192
0,638
0,63
0,637
0,62
0,633
0,61
0,60
0,552
0,59
0,551
0,58
0,57
0,584
0,56
0,55
0,54
0,579
0,53
0,52
0,632
0,51
0,342
0,50
0,49
0,547
0,48
0,613
0,47
0,602
0,46
0,620
0,45
0,612
0,6
0,5
0,304
0,303
0,306
0,305
0,302
0,12
0,10
0,8
0,11
0,4
0,2
0,3
0,7
317,0
316,0
315,0
314,0
313,0
312,0
311,0
310,0
309,0
308,0
307,0
306,0
305,0
304,0
303,0
302,0
301,0
209,0
